1 7 1
1 9 2
1 28 11
1 57 1
1 58 3
2 3 7
2 5 17
2 15 10
2 21 19
3 2 53
3 7 36
3 13 37
3 14 41
3 16 45
3 29 53
3 31 28
4 1 5
4 1 16
4 21 38
5 7 1
5 7 5
5 9 3
5 9 30
5 13 28
5 13 56
5 14 11
5 17 5
5 17 16
5 21 3
5 27 48
5 27 51
5 29 5
5 52 3
5 56 5
5 57 4
6 1 45
6 7 42
6 7 61
6 31 27
7 2 51
7 3 25
7 3 34
7 4 35
7 5 31
7 8 41
7 10 7
7 10 61
7 18 27
7 25 62
7 57 45
8 1 45
8 7 23
9 1 21
9 2 27
9 5 36
9 7 14
9 7 60
9 8 55
9 23 11
9 26 53
9 38 1
9 55 53
10 9 57
10 13 63
10 19 9
10 19 15
10 19 18
10 29 21
11 3 41
11 4 23
11 5 62
11 7 57
11 12 23
11 14 19
11 17 62
11 25 19
11 25 38
11 29 4
11 30 21
11 42 5
11 53 19
12 1 15
12 1 56
12 23 57
12 35 17
13 3 6
13 3 24
13 5 21
13 9 2
13 15 13
13 15 38
13 15 53
13 21 44
13 21 55
13 22 37
13 24 35
13 25 19
13 25 34
13 25 38
13 25 63
14 1 28
14 11 48
15 13 56
15 19 57
15 23 1
15 23 17
15 37 10
15 49 37
16 5 49
16 5 51
16 5 53
16 7 16
16 19 22
16 21 1
16 21 14
16 23 57
17 4 17
17 6 21
17 6 29
17 13 16
17 15 32
17 19 30
17 19 49
17 23 29
17 23 55
17 24 31
17 47 29
17 47 54
18 1 12
18 11 59
18 17 3
18 17 30
18 25 2
19 1 46
19 1 49
19 2 11
19 3 7
19 3 22
19 13 12
19 13 22
19 13 61
19 15 56
19 21 52
19 23 5
20 13 19
20 17 5
20 17 30
20 21 11
20 21 31
20 31 51
20 41 13
21 1 36
21 1 43
21 5 33
21 13 27
21 13 58
21 16 37
21 17 27
21 19 61
21 23 28
21 23 41
22 1 27
22 3 31
22 5 16
22 15 8
22 15 30
22 15 51
22 25 28
22 41 8
23 11 10
23 14 29
23 15 59
23 15 63
23 17 26
23 18 5
23 20 61
23 31 18
23 37 20
23 41 5
24 11 3
24 11 18
24 13 4
24 29 7
24 37 19
25 3 38
25 7 57
25 8 55
25 11 18
25 17 41
25 29 19
25 36 7
25 37 19
26 9 11
26 9 27
26 11 1
26 15 38
26 19 5
26 29 34
27 4 1
27 8 63
28 5 33
28 9 2
28 19 10
28 29 34
29 1 45
29 13 7
29 24 59
29 32 3
29 35 31
29 35 33
29 35 57
31 1 14
31 1 17
31 1 61
31 5 37
31 14 29
31 26 57
31 28 61
31 30 3
31 33 18
31 33 38
31 33 46
32 13 30
33 7 38
33 13 2
33 17 6
33 25 12
34 11 35
34 13 38
36 5 23
36 5 38
36 11 2
36 13 2
36 23 29
36 25 10
37 9 22
37 11 36
37 27 29
39 11 29
39 19 9
39 25 41
40 7 27
40 11 51
40 17 8
40 21 3
41 1 8
41 11 26
41 11 34
41 23 57
43 1 7
43 5 47
43 10 45
43 14 7
43 18 3
44 3 16
44 7 18
44 9 4
45 19 23
45 19 63
47 14 3
49 2 25
49 5 26
50 11 4
50 11 15
51 4 1
51 13 28
53 3 6
53 4 13
54 1 28
55 2 1
55 9 11
61 3 18
